2.111624114835874089e+00 8.626511974799988547e-01
4.853233871105289143e-02 1.710143712890862755e+00
1.293994032079181622e+00 1.247249828948361117e+00
4.703494220597362885e-01 1.967092210367137106e+00
2.016523548490277706e-01 1.068159123843084313e+00
-9.212198745605004735e-01 2.211294651809938117e+00
4.704215196057147663e-01 1.821859283662712325e+00
8.423361343478455998e-01 1.113930139285319143e+00
1.006611087341088506e+00 -5.806567791143035784e-01
1.914830547475737887e+00 7.392021842292539890e-01
7.361846002485168405e-01 1.100495936813264519e+00
1.512516675211753370e+00 2.249014571926299499e+00
1.606852466682405778e-01 1.330593774189187561e+00
1.340942702954480925e+00 8.399110183386671036e-02
2.369573220762792864e+00 6.744500583499779545e-01
1.077644859826979884e+00 2.896583707387895279e-01
7.082492027346520835e-01 9.669687436641927203e-02
-7.332648396647960531e-01 1.039416203593664711e+00
-1.689760161510530878e+00 1.108944813029337784e+00
1.729214520808056710e-01 1.384392714152239634e+00
5.643218469872657295e-01 -6.364641592327786590e-01
-4.155102127894354513e-01 1.146026849973657002e+00
8.084289832628469563e-01 7.699902354339901445e-01
2.463364034679459413e-01 1.608009525169118881e+00
-1.221188584339744310e+00 1.525569463654643076e+00
5.826511905287279358e-01 1.285291635296568424e+00
1.282570266902317346e+00 4.904724714020038956e-01
7.090859853476265684e-01 2.689877231601549123e+00
9.287646233609803126e-02 5.809972827520091254e-01
1.974472832855622029e+00 -1.339195828592806947e+00
4.250918651322429298e+00 4.277599639333278247e+00
3.798412852234572590e+00 5.569025070838766744e+00
4.331282946955709257e+00 5.736137986163518221e+00
5.344607115953740717e+00 5.820817282478457422e+00
5.647026944903007717e+00 4.918707681005973775e+00
4.582564561758176502e+00 6.834408372125489350e+00
6.108658176947953322e+00 3.142105709499086963e+00
4.520380197282933388e+00 4.940834132158346215e+00
5.180272683949093349e+00 5.401508789308310021e+00
7.063036861378874320e+00 6.192581792898615767e+00
5.749908752100711062e+00 7.181370474595103026e+00
4.731229949290413295e+00 5.368821697661892323e+00
6.161485335347906656e+00 6.252843333144660676e+00
3.783624014417696912e+00 2.923602008847417277e+00
3.742029484280150697e+00 3.911789602504525121e+00
5.595691126592451603e+00 4.216817979333080224e+00
5.238890541757120545e+00 3.815779872857182564e+00
5.678888114764153450e+00 7.215362740336451530e+00
5.680155539450296942e+00 3.863068208814391724e+00
5.587888271734292367e+00 4.159178502731043281e+00
4.270829750406289982e+00 5.042091578200811774e+00
5.684976472030728978e+00 5.074141774028740670e+00
6.077434794211394653e+00 4.229374680362476546e+00
4.896073686869539365e+00 4.167763181623735491e+00
4.938111848389707959e+00 5.683473085057310747e+00
5.987659952411210185e+00 6.179496374650049972e+00
4.394333799488264525e+00 4.726939566491923372e+00
6.235789323153021257e+00 4.128618241760766416e+00
4.710204349677988844e+00 5.008646385428106029e+00
3.892095369231372892e+00 5.436111474607312033e+00
9.239094063732835593e+00 -1.273950009166477493e+00
8.129788126042772234e+00 2.249281873494073380e-01
1.054697544950812471e+01 -6.861542268710876247e-01
1.067179363469461961e+01 7.910407929988760856e-01
1.031798707230334600e+01 6.146163045640251621e-02
1.021404392890505797e+01 1.640223852326079701e+00
1.101669178227128931e+01 1.607650411004228896e+00
8.855371226396146156e+00 5.796110457681069583e-01
1.074221441227095397e+01 9.329822938122429576e-01
9.530311575848593009e+00 9.241639836694898191e-01
8.994747131056122669e+00 -3.474635153535245990e-01
9.917406245476630744e+00 2.249992354603297606e+00
9.843726843468735055e+00 2.426779468348354563e+00
1.045235743252206895e+01 1.612997892390764409e+00
1.075628143984581797e+01 3.293954790188512449e-01
9.609630281723756440e+00 2.096149157990123690e+00
9.869170542832630844e+00 8.246764798827178611e-01
1.119828133035754725e+01 2.275481453527742115e+00
8.160541238977026879e+00 1.037595047185967845e+00
8.260280097830616342e+00 5.919479214849761028e-01
9.658902391283078259e+00 4.674471846325907176e-01
1.046222891800534072e+01 3.027504897019311914e-01
9.703948655350428609e+00 4.300363570852552275e-01
1.045234619830656264e+01 1.206894647659002118e+00
9.627593074437049481e+00 2.139754069733282194e+00
1.068949296705667429e+01 8.185916935523340765e-01
1.115598935291847837e+01 8.075352466830583165e-01
1.024505805325689600e+01 8.104731635108204379e-01
9.484598728263371470e+00 2.412208508175698540e+00
1.046746485696763607e+01 1.133319521228423055e+00
